005:009:001:DESCRIPTOR         1617489629.395783
 06 00 FF 09 01 A1 01 85 10 75 08 95 06 15 00 26
 FF 00 09 01 81 00 09 01 91 00 C0 06 00 FF 09 02
 A1 01 85 11 75 08 95 13 15 00 26 FF 00 09 02 81
 00 09 02 91 00 C0

005:009:000:DESCRIPTOR         1617489629.396795
 05 01 09 02 A1 01 09 01 A1 00 05 09 19 01 29 08
 15 00 25 01 95 08 75 01 81 02 06 00 FF 09 40 15
 81 25 7F 75 08 95 02 81 02 05 01 09 38 95 01 81
 06 05 0C 0A 38 02 95 01 81 06 05 01 16 01 80 26
 FF 7F 75 10 95 02 09 30 09 31 81 06 05 09 19 09
 29 10 15 00 25 01 95 08 75 01 81 02 C0 C0
